2367 1 5 2 0 3 0 4 6 5 6 6 4 7 3 8 7 9 0 10 0 11 2 12 4 13 7 14 3 15 4 16 0 17 0 18 5 19 7 20 6 21 3 22 1 23 0 24 0 25 3 26 5 27 6 28 1 29 7 30 0 31 0 
7895 1 7 2 0 3 0 4 5 5 6 6 5 7 8 8 1 9 0 10 0 11 2 12 8 13 6 14 8 15 7 16 0 17 0 18 5 19 4 20 8 21 8 22 1 23 0 24 0 25 6 26 6 27 5 28 2 29 6 30 0 31 0 
1245 1 8 2 0 3 0 4 6 5 5 6 4 7 6 8 2 9 0 10 0 11 2 12 7 13 6 14 5 15 7 16 0 17 0 18 7 19 7 20 7 21 3 22 6 23 0 24 0 25 7 26 4 27 8 28 2 29 8 30 0 31 0 
3754 1 6 2 0 3 0 4 5 5 8 6 8 7 5 8 3 9 0 10 0 11 2 12 8 13 6 14 4 15 5 16 0 17 0 18 5 19 1 20 8 21 3 22 7 23 0 24 0 25 6 26 5 27 6 28 2 29 6 30 0 31 0 
6219 1 4 2 0 3 0 4 9 5 7 6 4 7 8 8 5 9 0 10 0 11 2 12 7 13 6 14 4 15 5 16 0 17 0 18 4 19 6 20 7 21 1 22 6 23 0 24 0 25 7 26 5 27 8 28 3 29 6 30 0 31 0 
4823 1 7 2 0 3 0 4 5 5 6 6 3 7 6 8 8 9 0 10 0 11 2 12 8 13 6 14 4 15 7 16 0 17 0 18 5 19 7 20 8 21 3 22 6 23 0 24 0 25 6 26 5 27 7 28 2 29 6 30 0 31 0 
9156 1 5 2 0 3 0 4 2 5 6 6 4 7 6 8 3 9 0 10 0 11 2 12 7 13 6 14 5 15 2 16 0 17 0 18 8 19 7 20 7 21 2 22 6 23 0 24 0 25 7 26 3 27 6 28 2 29 6 30 0 31 0 
3478 1 6 2 0 3 0 4 1 5 7 6 6 7 6 8 8 9 0 10 0 11 2 12 7 13 6 14 9 15 9 16 0 17 0 18 5 19 6 20 7 21 3 22 7 23 0 24 0 25 6 26 5 27 8 28 2 29 6 30 0 31 0 
5874 1 6 2 0 3 0 4 5 5 7 6 4 7 5 8 3 9 0 10 0 11 2 12 7 13 6 14 5 15 8 16 0 17 0 18 9 19 2 20 7 21 4 22 6 23 0 24 0 25 7 26 4 27 7 28 2 29 6 30 0 31 0 
9514 1 5 2 0 3 0 4 5 5 6 6 9 7 4 8 1 9 0 10 0 11 2 12 4 13 7 14 3 15 4 16 0 17 0 18 5 19 7 20 6 21 3 22 1 23 0 24 0 25 3 26 5 27 6 28 1 29 7 30 0 31 0 
2568 1 6 2 0 3 0 4 6 5 5 6 8 7 6 8 4 9 0 10 0 11 2 12 7 13 6 14 5 15 7 16 0 17 0 18 2 19 7 20 8 21 6 22 6 23 0 24 0 25 6 26 5 27 6 28 2 29 6 30 0 31 0 
6987 1 5 2 0 3 0 4 6 5 6 6 1 7 5 8 9 9 0 10 0 11 2 12 8 13 6 14 4 15 5 16 0 17 0 18 4 19 6 20 8 21 3 22 6 23 0 24 0 25 6 26 2 27 7 28 2 29 6 30 0 31 0 
1396 1 8 2 0 3 0 4 8 5 7 6 2 7 6 8 3 9 0 10 0 11 2 12 7 13 6 14 5 15 7 16 0 17 0 18 5 19 7 20 7 21 6 22 7 23 0 24 0 25 7 26 1 27 8 28 2 29 8 30 0 31 0 
7246 1 6 2 0 3 0 4 9 5 5 6 3 7 8 8 8 9 0 10 0 11 2 12 7 13 6 14 8 15 7 16 0 17 0 18 1 19 8 20 8 21 8 22 7 23 0 24 0 25 6 26 5 27 7 28 2 29 6 30 0 31 0 
5812 1 7 2 0 3 0 4 2 5 7 6 7 7 6 8 6 9 0 10 0 11 2 12 7 13 6 14 1 15 5 16 0 17 0 18 5 19 7 20 7 21 9 22 6 23 0 24 0 25 7 26 6 27 8 28 2 29 6 30 0 31 0 
9032 1 5 2 0 3 0 4 3 5 6 6 8 7 6 8 3 9 0 10 0 11 2 12 7 13 6 14 2 15 7 16 0 17 0 18 3 19 9 20 8 21 5 22 6 23 0 24 0 25 7 26 7 27 7 28 2 29 6 30 0 31 0 
2506 1 4 2 0 3 0 4 3 5 8 6 2 7 8 8 3 9 0 10 0 11 4 12 8 13 5 14 7 15 2 16 0 17 0 18 5 19 2 20 5 21 4 22 8 23 0 24 0 25 8 26 1 27 7 28 1 29 4 30 0 31 0 
